3666- 53 663366 36 Ζ6636. A Malam 663 36 3336666366 36 363
633666 3333666666 36 66336 663 3633366663 3663636 6663663666
336 33666666 3666 36 3366666666 est 6366366366 qm} Paris, 36
66 est 36 666366 366 observatiam 636 Zarin la 3336363366
636 363636 36363666 66663666 3336666666 66363 Paris, 5366,
6663663666 36 33666666 3666 36Ὶ 3666666666 est 636616666ῑέ
666. 66336 663 666366 63 Paris 363 63 (366666, 33 est «66ίῦ6
6633 3363366 36 3336366366 st? 3636 63666 66666 6666636666
3636336, 66 se fait 3 Ζ6636.· 666 3336366636 3336666366 obser.
636 eft 366366663366 366366 ,, 666 66336 66366 6366 36 Cati.
663, 66- 3366 666366 366 0336633666· 36 336. 3636663666 36
3336666366 63366666 636366. petiz-‘e x, 666 36 66366366 3 jafi
6633 66 certain-terme) enssm‘e 6336 est plus grande. 3363
666 6366336666 36 6666666666 ’,” 63666 36 3366 36 plus ‘bas
663 Mn. 3636663666 6 fait fis 63366663666 J 36 3336666366
3663636 363636 63666 66663666 6363666666 36 66 6636336 33636
3336636 ‚ 6666 6366666666 336666 333 3663633 656 6366636666
3365666666 36 36666666 663 66366363 66663666 3666366666 ’
36 33666666 3666 36 8666666666, 5366666366 3636 fh 36·-
3666 36γ 36 666366 66663666 3666 366 3663666 663 M& 36366636
6666 6- 633663·α 6666 66366666 36 ¹ 3366 36 33666 36653 36 3366
36666 36 666 observatiam 33 y 636 666 3336666636 3666666,
663 663663 63336636 6366666666 3633666666 3633666666
6636 363666 , 666 3666 666 666 666 6336666 39636 6666363 636- 366
3663666 36 36 66666 change fhnfiblement 63666 666 366366 3666ιῇ
mr ,, 36 66333 633366 6663366666 3666 6666366636.6366363336
636 36 3666666 de 36 T 6666. 6 ¹ 6 x ’ ¹
, M& 3533333333 3636336633· 366 336366366666 3666 666 mi„
6663566366 63 35636 estoit 633663)Δ 636663 636 66663 366 6366
6633333366 366366 36 66366 663 est 3666 63666, 63 366663

Μ3666 66636 66366 36- 3663666 6366 3336666666 3666 36 wide&
’ 36 3336663366 de 3636 36 6663666 666 66336 66333 6 6666666 666
6366 &firmioris faites 66 666366 6636636 36666 636γ 36 66366 ὅ
3 33636 33366666 qui 36666636 6666γ 366 6666636666 663366ι
33663666. 366 33666636663636366366636 36 6769, par 3636663.
366 33 366633· 63666 grande 6363666 6666666 est 66336 36 36666
ξθὲἕῖίίᾶῑᾶθῒῑθ 3636 pas. 666366 3633366666 36, 3636666666 de
’63335 “ ” ¹ „ ’ ΓΜ.

 

