ACARNANI7 673

(3011111111111111 111111111111111111 6111111111,1111111111,
1111 1111111111( 111111111111111111111111111111111
11111111111111111111111111111111111111111 11111111 11111-
1111111111·ζἹ 11111 11111111 1111 11111 1111 111111, 111111 1111111111 11
1111111111,11111111111111111111111111111111 1· 1111111 111
11111111111111 Q177777J7772 1111111, 1 11111111121111111 1111111
77777777 11111 1111111, 1111111111 1111111111 '
1111 1111111111111111181111111,111111111111
7777 ,1111111111 211111 111· 111 11111 1111111 111111
77717777777 1111111111111 1111111111111 1111
1111111111 1111111111 11111 1111111111 J 1111-
111111111111111111111 7770 11111111 111111 111111 11111
7777 11111111 1111111111· 11111111 111 11111 ,1111111
111111 1111111111111111111111111θ1111111111111111111111 1111
1111111111 7 1111111·

1111111111 1111111111111·11·11·
1111111111111111· 11111· 7777777 ,,
111111111111111 1111111111111111111· 1111111111, 1-
111111111111111113111 77777777 1111111· 1 1111111 7277„

1111111111 (111111 111 1111· 1· 1111111111

11111111111111111111111·
Ᾰ11111Ἑ1β11ῗ111 P „
, 11111111ὓ1111111111111111111 11 1111111111 11111111, 172
11· 1111111 1111111111· 111 111111 1111111 11
1111111111111 1111111111 =
1111111 11111 , 11111 1111111 ,
1111 11111111111111111 1711 Ν
11135 1111 ωῗ11111ῗ11 1ῗῖὴί 77 Ἔα

1111 11111111, 7 11·111111111111
1111 1111111 11111 111111. 111111 11 11· 11
111111111111111111111 111111, 111 -
,1111111111 1111, 11111,

7

 

