606666666 636

Eadem 66:66666 C6666666666666 6666 36166616661666 166 '6P66 66616
13663113166166316666636166 1666111116616636(..1666611116 ‘

fe (36666611661666661363166666(661666 6666 1361661361)
((6.111611631661611166661 1366666661 (61( 6616666( 116666 1163166
13616161611666616616666661666116 6666666366113(

&J ’(166 8666 (66 6613636611 (66( 36616( 161661 (66161616 6666
6166166366 (66631, 3661166

(3666)( 6611166136( 163666) 1
C66666666666666 1366666666((6606163166666136166611

1111( 166163116366166116616611116666 H66 (3.6 1166611361

6661166161.61(13.16166.(6661666661616661666, (16116611 ((6661

8616616666) 6666666666 11136166 66661 6666 1161666666( 6666 (366 6.(

- 3)(11(1(1(13)61’6(611666(6”1 ,
„ 6 0611666 (3661616361) 36616 (6663666666 1661666, (366 61361111

(366 (66636616 6166616,1161366616361116666666
6 0661616111316661616 3(.1(()1’((131(()6666(3(1 1.( 1) (1

66616636111(1 -
30661666 (1663663

066163666666. 1316161666( ((661

(3611366166616

13 066116666661166666166616666, (3616(
11611 1(66()6(66(6(6 ,
11 6666616166( 3
161.61666661111616666111616

1616 (6666166 666 3
66 61161611661611661

1666661166, 1666316666

366613(
{fisa

66 P (11.6 616366
1616166 06666163616166.16

 

