33:³³3 Χ 3333
1111111 333333333 ”2233 33333 333 111111 1111111 33
333333333333333 1111 Χ Χ” 1111111111 11111111
811111111111111111111 A 3³33 33‘333333333332373'33

11111111111111111 11111 1111111111

ΓἯΜΞΓἭΓΣ ὲὲψᾳ ΝΜ] [11111111111 11 ⁶74³ 33Wff3
s s 33 111 5333333333 1111111111

Q3 33333333 1111111111 11111 3 111111111111111111111111ὶὲ1 1111
1111111111 1111 1111111 333333333333333
33 11111 11111111111111111111111111111111111 3333 ⁴
1111, 11 1111116111 1111111111 11111111 11111 3‘
1111111111 111 11111111 1111111111 333333 3333 111 1111111111 33
1111111 3333333333 33 '33333331333 3333 323 333 1111111111 3:
333333333 11111 1111111111 111111 1111111111 1111 1111111111 1111 111
1111111111 11111111 1111111111 1111 1111 33²3 11111 1111111 333 111111
1111111111 111111111111, 3·
11111111, 111111 1111 1111111 333 11111111

,m OEHQQSCQCL 111111111Ξ 11115 „aff 1 3 1
333 33 1111111 1 3333 1111 1111, 1111111111 1333 11 1111111111111111

11111111111111111111111111111111111111111111111111111

1111111111, 1111111 1111111 111111 3333‘33· 3333333 33 1111111111

 

